function INPUT = input_open_hole_biquad_570_els
%
% Structure INPUT
%     integration_pts: number of integration points
%            elements: nodal connectivity
%               nodes: nodal coordinates
%                   E: Young's modulus
%                  nu: Poisson's ratio
%                   t: thickness
%                load: [node_id component magnitude]
%                 spc: [node_id component]


% -- Init
INPUT = struct();

% -- Elements
INPUT.integration_pts = 3;

INPUT.elements = [     688    620    622    690    654    621    657    689
    753    688    690    755    719    689    720    754
    816    753    755    818    781    754    784    817
    873    816    818    877    845    817    846    875
    932    873    877    934    903    875    904    933
    988    932    934    990    962    933    963    989
   1043    988    990   1045   1015    989   1017   1044
   1098   1043   1045   1100   1070   1044   1071   1099
   1149   1098   1100   1151   1120   1099   1122   1150
   1198   1149   1151   1200   1172   1150   1174   1199
   1247   1198   1200   1249   1222   1199   1223   1248
   1296   1247   1249   1298   1269   1248   1270   1297
   1343   1296   1298   1345   1315   1297   1316   1344
   1391   1343   1345   1393   1361   1344   1362   1392
   1413   1391   1393   1411   1409   1392   1410   1412
   1411   1458   1460   1413   1442   1459   1443   1412
   1458   1505   1507   1460   1489   1506   1490   1459
   1505   1552   1554   1507   1536   1553   1537   1506
   1552   1599   1601   1554   1583   1600   1584   1553
   1599   1646   1648   1601   1630   1647   1631   1600
   1646   1693   1695   1648   1677   1694   1678   1647
   1693   1740   1742   1695   1724   1741   1725   1694
   1740   1787   1789   1742   1771   1788   1772   1741
    684    616    620    688    650    618    654    686
    748    684    688    753    716    686    719    750
    813    748    753    816    780    750    781    815
    869    813    816    873    843    815    845    871
    929    869    873    932    900    871    903    931
    985    929    932    988    957    931    962    987
   1039    985    988   1043   1012    987   1015   1041
    676    608    616    684    642    611    650    680
   1095   1039   1043   1098   1067   1041   1070   1096
   1147   1095   1098   1149   1118   1096   1120   1148
    742    676    684    748    709    680    716    744
   1196   1147   1149   1198   1171   1148   1172   1197
   1245   1196   1198   1247   1221   1197   1222   1246
    807    742    748    813    773    744    780    808
   1294   1245   1247   1296   1268   1246   1269   1295
    865    807    813    869    835    808    843    866
   1341   1294   1296   1343   1314   1295   1315   1342
   1389   1341   1343   1391   1360   1342   1361   1390
    924    865    869    929    896    866    900    926
    668    599    608    676    636    605    642    672
   1415   1389   1391   1413   1408   1390   1409   1414
   1413   1460   1462   1415   1443   1461   1444   1414
   1460   1507   1509   1462   1490   1508   1491   1461
   1507   1554   1556   1509   1537   1555   1538   1508
   1554   1601   1603   1556   1584   1602   1585   1555
   1601   1648   1650   1603   1631   1649   1632   1602
   1648   1695   1697   1650   1678   1696   1679   1649
   1695   1742   1744   1697   1725   1743   1726   1696
   1742   1789   1791   1744   1772   1790   1773   1743
    980    924    929    985    955    926    957    981
    737    668    676    742    702    672    709    739
   1037    980    985   1039   1009    981   1012   1038
    798    737    742    807    768    739    773    802
   1091   1037   1039   1095   1064   1038   1067   1092
   1143   1091   1095   1147   1116   1092   1118   1145
    660    591    599    668    625    594    636    666
    858    798    807    865    829    802    835    862
   1193   1143   1147   1196   1169   1145   1171   1194
    918    858    865    924    892    862    896    921
    726    660    668    737    695    666    702    731
   1243   1193   1196   1245   1217   1194   1221   1244
   1292   1243   1245   1294   1266   1244   1268   1293
    975    918    924    980    950    921    955    979
    789    726    737    798    759    731    768    794
    641    575    591    660    607    584    625    649
   1339   1292   1294   1341   1312   1293   1314   1340
   1031    975    980   1037   1006    979   1009   1035
   1387   1339   1341   1389   1359   1340   1360   1388
    851    789    798    858    824    794    829    856
   1086   1031   1037   1091   1060   1035   1064   1088
   1417   1387   1389   1415   1407   1388   1408   1416
    711    641    660    726    678    649    695    717
   1415   1462   1464   1417   1444   1463   1445   1416
   1462   1509   1511   1464   1491   1510   1492   1463
   1509   1556   1558   1511   1538   1557   1539   1510
   1556   1603   1605   1558   1585   1604   1586   1557
   1603   1650   1652   1605   1632   1651   1633   1604
   1650   1697   1699   1652   1679   1698   1680   1651
   1697   1744   1746   1699   1726   1745   1727   1698
   1744   1791   1793   1746   1773   1792   1774   1745
   1139   1086   1091   1143   1114   1088   1116   1141
    912    851    858    918    886    856    892    917
    630    563    575    641    593    568    607    637
    776    711    726    789    745    717    759    786
   1188   1139   1143   1193   1166   1141   1169   1192
    970    912    918    975    945    917    950    972
   1240   1188   1193   1243   1215   1192   1217   1241
    699    630    641    711    665    637    678    706
    844    776    789    851    814    786    824    849
   1028    970    975   1031   1001    972   1006   1030
   1289   1240   1243   1292   1264   1241   1266   1291
    606    547    563    630    573    553    593    617
   1082   1028   1031   1086   1057   1030   1060   1085
    905    844    851    912    874    849    886    908
   1337   1289   1292   1339   1310   1291   1312   1338
    765    699    711    776    735    706    745    772
   1385   1337   1339   1387   1358   1338   1359   1386
   1135   1082   1086   1139   1112   1085   1114   1138
    681    606    630    699    644    617    665    692
    964    905    912    970    937    908    945    969
    589    532    547    606    558    541    573    597
   1419   1385   1387   1417   1406   1386   1407   1418
    830    765    776    844    797    772    814    837
   1186   1135   1139   1188   1162   1138   1166   1187
   1417   1464   1466   1419   1445   1465   1446   1418
   1464   1511   1513   1466   1492   1512   1493   1465
   1511   1558   1560   1513   1539   1559   1540   1512
   1558   1605   1607   1560   1586   1606   1587   1559
   1605   1652   1654   1607   1633   1653   1634   1606
   1652   1699   1701   1654   1680   1700   1681   1653
   1699   1746   1748   1701   1727   1747   1728   1700
   1746   1793   1795   1748   1774   1794   1775   1747
   1024    964    970   1028    998    969   1001   1026
    752    681    699    765    714    692    735    760
   1238   1186   1188   1240   1213   1187   1215   1239
    895    830    844    905    861    837    874    899
    663    589    606    681    628    597    644    670
    567    511    532    589    542    522    558    579
   1077   1024   1028   1082   1052   1026   1057   1080
   1287   1238   1240   1289   1263   1239   1264   1288
    820    752    765    830    787    760    797    825
    956    895    905    964    922    899    937    961
   1130   1077   1082   1135   1106   1080   1112   1132
   1335   1287   1289   1337   1309   1288   1310   1336
    736    663    681    752    700    670    714    741
